$ANSIBLE_VAULT;1.1;AES256
65376363633465333037336138316636373563386533313738306633393234373834366365363432
3563313364353132376230613564393038383761633530320a373831613562376362303662396134
31383434343439646361326430383162663436353262666432633664373262306165363835643366
6638333438653862370a366233336366336438653866346164383664376462343534613739383663
39636363663535376463663138633336636436633062633663313038633662333133653735663338
34393738626662616636623064386539386331653135356135623865623632646134313836336630
61393238396437353634636262333438373765356661333062333932663236343865383833656235
31323766653362323933626131663931306463623939386264343061386333353663636462663437
30653938333439383239626662373137633231343230343539303638363965316132393530623735
61333031633463326436633131663731356535343034393238656537613330613263303062396237
63343664383461306637336531653533316330653231396262383236313437383535323838343735
37336633383135366333636330326431326564326631643037646664333139343334303161343530
38393233333032616666633563373438383233613032363533343134353434393439623033616465
65616162363130663434313936303238336266373139363738353734613864373164333035353031
35373962626465383434363736653365613938343962363562343263396365386531333238643436
31313133316437623565353130623163643363626434613938323166373235306236653735333132
61663238316163306636626663363931383461663163383336396461336433313738623937396265
63373132333237363862356238386364383037633066653038623639306165386135366362363335
61366363643034326236323733373136393964363762653238643063636531663039313137666531
34303530303639383466396561643861646538633965393230396163326338376239313735386463
37616233396363396263306264346436373539626464386161393734386663646264363334613632
61323663646663373431653461613762623730653864623039313632333130373134346533383962
33656634373364633135633963346636663964663562336139323764316234643835663762613236
63633163616330623334636136643137323032386530633133613163633834626437623662363030
63393737326137376431373739333465316434346430383165376366326164343237396161626630
65386636663164643563306136373065663338316632343033666565383263363536656464343032
63623364316337626531303835363065643235303938626365353031666433326434356431303237
34653337336131613134313764396637383061366466646331613635393230643835663932383362
31663339323565396231356531653237336537373432323637303464346564663865353634326332
65346664663330333665316338326561636130313364623363643666336530303734633333623436
30613435343032363464363135353837313337653062313661613236613064663561353938333433
61373062653864363733393566383565656539343631666339633861383361326362636138396438
33323935306363663532306365633532646263663233656332386639313638666336653666633362
30333435333263656232336230333734356430383338316361323761613736343864323037313539
31313263613365356439636138393066616261643430383530376231353135653464313435613433
30346534626431306432353863333434333537326465613330653634396233306632636565623263
62333762663963303436343330313437353434396535653236333665633966376333353235383831
39393734356266646537353334666637353966393639376237313334393761633839306638383531
62313733626235346637333636323230313433363035346461656633393938366266376337366366
62616236333862356535663862353233373765653337366664336565343966626331646162646464
61626139333637373364656430363630353165626531646662613838323333336339366331326532
64623865333138333634363062663861353835643337353465333362613531623239386331613765
64313638383566343434653331323136386665663531326131396164316432326333633565333362
64343030656431663030623263626564613261636335363034356635363838353266373032313666
33636464323034396562313436303034626337383864613233323233373735393838666536316534
63396665613930363934623737666331316632383235623436326638303464653432653734663164
64383263636632626465616464623735316438643438316538306561303361353565336161373466
31306537383230303230313162633464363864353338623062356566663237663330653033663931
66646139626161613836393036323730633232623132656437663863663839333963343464333937
34393338666134636162346437636464363261396564393563353137306561356465636130656466
32363762623664386131306134333430616236366166326337333932666635623137333066393331
39376561306633353534306663393166303836326337303233303430623330343665363138623463
34663231666661393738643733343538616461323638323830336666346637376461346233386437
37313434643036323635373939393965653961643131306636336432383061363735383264303766
66393833643334343365663061613633393162396137396231663531353736343438356631643162
30353435353665366539643061646232646366326663383466636239666261666630346333653835
33323337303439366136323736633263303139656431323536353865396462336139323662343865
35356463306236316133653162383930393231303038346362616439306635643364653761336131
34343033616333623332326662313731363932393065653063366366346461663736613234623531
36326561376131323065666637393464636166333933333330616432623339323864306237326665
35323239366430356136663563643539616665643133376633346233666335373738663038393761
33636264386464663061656264663337383964646434303536636535643239666433386431373266
65353865613264613733343163623166316436663866353661393131343437343233353739366463
36326566653966626633313837313164663965313462313766633762366562373736383938376138
39306166393664323765376133343662333263643062383265373163396430363436646338656336
32386432623538323630343263306133313435653762313937666436356436316536313238346364
39663438343165313464636566353066626465313333313631643430656539613736366364656635
31333934643839663132363534383634356339646664393539633032303766653530386539336563
65333939326232653032313831633334633932356636343461303530633662393765656462306664
32383035633139363566313566643235333265366665343933663836633030353161366263343736
39393463373363393666666538363938363362643365366538336331303462373864366331626538
38346264623063373737383032393632333838616432666161336133373038343237623633373932
65306434663335633066376637626639636535636334393862643138363336636161393765663864
33313061323736376561336363393938626238623138356339633334393031663437336632626537
35646238393331323361623864353464333734316537626330303830333538306563303537653933
66383962373961306538666337333665623462386437656231633339393062333030373331646532
39623165613961613531633137666637316261623839396263316630323937393138656632616162
38613265613465313835333763653535316332613631626563303539613931643135663164633437
65356137613364373539666562646531353565313631316561386331623235353938343036643634
32613366313334653037613237636234653839383133396136383765636238313936343666653837
64366131663061653234666661316137366632666434613638333334636561643038623730613538
35373136353230343737383566323062613230326630636231353636366232653464643036326365
65656234316532363065366532323363663662383266333733386530666633396664653034366131
36666462356235656565373035306462653932396366643136666536303834323535303132626338
35396161636463646563666539646332646532326230626161363739653766343064386264643732
30356566383562376131616537613836363361623665356564336665666233396162663064646130
37653861623831636465613263376531376239343732646365366466633364363233333866386262
62623464313533666266623832323763326162303162313735333931323361363139303339366433
64666439363562303264376638643431396538633063663530343134373736363062393265373733
36333831373461343538643132363034333332646136383763326464353036306631636238356136
38346662306532376434303837663235316262663766346166366630333239643363636334346464
34336333333766303639373739633836306366616535316362383235633537343161363238333663
31393635353233313265613436343537303039653530366131663332636135623161393563356631
36383436346633653062663031313737393832663834613735373236626236636166343833373563
61326363633932313237633365643838386431396532383465623534303230663366313062366333
63663137616337316662386538373636666437383766363365303966623336373738353137323563
36316537393937373562346138643230303262363234323236636363353865393465386664616261
37643632633861343732643533636662376662383638393637346437393939363430663135373131
66646239653031643733393839343638353230346437393165636239613633316633383564653237
66336564383639646530383334623462616565343438313333326433376538613835393334396139
63616161653363393466303932376539353538336636303735383536656161353464313730316661
36666432316236656663613135383861363935643061636539326562646534336566653539613938
35383465363634613034343266323466326563666334646665366338343233303637396563613533
64656631393437363632633633346162383932383762646464643065393266383536653134323737
30666636326532386134333764333461343030343039633961626166663035356336303239613561
31666532323539663234316466323462633730666332633639396330666639646133336561356337
62393639623732336232626466343665376662613565653336336232306466313865613634306630
30363463363464633632636234636536346163663536323165633035356363643761346463303263
38323761616131383435633530333031343665306237626162346366343739616364623432643562
34323964623965356264643039613564313831303763623338303839393239323130333337616532
39313737386463653837333262623936613630663635633032623737363562376439333237653638
64653463316361656666643432643764373836373331666330356164616636356530663537636539
39316235653065376538366235613262343832306136383836346432306132373164373538666264
34363963386532383737656136356535376139323536396337323832383339333733353731643438
30303037623630383161396232396362396365653537643466653062316464373237653731313863
39366635346338616161396566323433666134303163376263316462333030366535356533316639
32323731613861633161383039613062663037383436326534643566616639613436636139636135
61346630306463343733633032383631373639306561303037643261336265326665626537623266
65626630656132313961633234303166386635323761636565316366656234643033303962316330
36343430616466333239646239386533323839346666613333653730333130643035383430336462
36383062353132663038623034333439353030613337376336663333313334643536326435643231
64303463353136636635656230383730376137663236616332386533316539376130383237643832
33386235626530623132303765663535363035313339373465393463323334626332633864383664
61306461363538346265646339343134363236303030346536623436623130376361646461633765
32626239613734383231633461326264633539303138383339363639386434666139303135323936
36326238333939623761306438396666386137333063386236623234316239353362623964376666
63643363633539633361306532396331633665376565346666613435613139633938356366613939
63663938316461656230376265363430663364376430366239663133646561656337643263613161
35623939646230643730653863393662323666323431323338393464393834393332656639653737
37326364336364633362636635353232366461383930383235343238373761663766663336353063
64343363313662386132656538663162366233653563306230636330326435366561386462656639
37383161643664386432643630633831633432383832386334333663366437386466326233316636
30396163313661356230636430376630643063626539396534393565656264373637356266363864
66643138303165363831663961363632326631353334623435353739636538373736326262373739
38376561316134356530303239353336663735326564626333393165376362343637666134363564
64303731653663623431303163313630356364666564363430396262343162366462623438333863
62393162303935333139626361666132353765336466333865393964666531373064346465396130
36633238656561616339356563373731396537333330323035663932336330646237373533346366
31366465333833343536373531356231663532356135303437316234333630393563336434623863
32313161376630633237643138623761396262393330303439303737393039333562313165346562
33323038633537616438383465363032623539306237306338363265353763316465643535353739
34343435393462316637636136306365646264663164383437343863643238383638396431366666
64306364616637643562353739383030343439636163616461643663643034626230643934313932
64336235343663643432393838376666376231323532323731313933356632633039396335353466
33643563306361623464306465383438623338346430366334393135326464633939383931623439
65353339653230643461396366313237336634616365623961396638353563373939353438613332
37386536323661383539373366326338616336316663396334323234623661376433376465633566
32313266363036303039396539303465383864373735626530636635353465393639343336373032
34353239616633323566646363363338663733376537623634653332373835363836613036633835
35613836393630366563323233303463633566393139383238356565333632643161616265623065
34613134646336393661376230356233393466326538383438323264346331393438316536303339
33616436323738386130316239356235643835393665306464336537366561653231356433373761
65633237383361366434623862306134366333323036363464633565643531346538396333643238
65363961656233656364633662346566376237643161623436626631356561333239623866623730
66313264646361666438303936626538386531613431333739383538623635333139653533616239
62623937306335646337393061616262396166303161663162316537633763333931376662626165
39613434323861366362363734373237663238393764653436363339323734383838353731326334
34646639366332633664396237373261633632353562656533313634653366653966316265393939
63396537663134336163656336613465626238636132306364383339653131333463623735316237
31343061613632356134363465353436356666333066333266396564636635376634396134643834
33356331613538303666353831626165366332373262306331663738656636356161613737316263
34366338393135366237646362333534333137303036663862653730393432346530356330313131
32306333343563353837643462376562326635623562356530636164633333376430303766623066
37616663383433643938363233656531666435323033646262303836613662613365356662303731
66363862643162646561373534623130663332366366333763646330643531663938396361613530
30653466383132383532336434356132386633663130323861313333666666346237396166303738
64393238393365366331616133316130346630643365393230333866623761386435383033646466
34626337663332623764663731336130323637623733613838633933663630643733326362316330
39313037656638656331616336376462376365643863386566313331376562356636303763356561
33323830313534623931303833633262383439653064373631353935323861623332666335303463
30383630313066636634343836313765636137363266303934633535386564643161623965366635
66363235336638303064626236353234626265336338333936616634363536326232636461613066
63643031386131313364346336616331353162383138656365386237356138636439616133626239
62303431663333643639656132356438616232626137373435343664376534636237653033326231
64303330366164353338653961353435306535633434356262373834633463623035386339333931
66653139626564343039623835396333326265373731633734646666333833633366666337363637
35633665386131383337613561633835353161313239656338663330333332343864386536396462
31623830396264323338333838333265326630653864636138363736643032383462386161303939
66633530623064643664376131343131383931663861633838663662323264663732306230363063
66633338356662306166666431316365656466666535303331383962646664386663616665303832
65646435323266663232663739333334356438353463646166393630353137636666363563623538
63633762363836313761656539626365643637393738323230633632363933333438303836306239
37653238663066636230343035336162613337373234303630333162663662313864663332376564
64383731643365643939623739356539306434363862386230313930393536396630643961393339
30323136343131303739613533373537333638333737303065646263373538353532636161613063
39363061643138643431343233323562383732363161383731333435353936663637313862643734
61623063393363626466363231663461373536633534316234633336396432646265333431633761
37666530376532363262656633623437323630626434616166316538373434643437636565383834
37653465316563396265393938356466353565666365343231326163393936396564663637383363
30636364656664326162366362313436323039646564393031393134303039373536336664363130
31386331316634633562353961643565643466326165323332306362343233646636323032306339
34353362653066373836396330633066666236613564323064353436366233386435653536356361
37383236303738646264393538323638336131383231633965303962653762376638356539346265
33646565616333373631386135653133306332323732373936636539616536333134383537346437
32353266306439313662323238363035643235366635656237643864336633613131303637653362
30663737303732653361626161303938343330653365613466666132393963323161323337353732
37613464313233306464303430346532623966663834393733643963393362353237343730333534
37336337633962653935313032326465393637336364393133356164663835366565386161313838
34323335626432326637316464303536356639363237383137623964343134343730366664613331
38363064366435316463626564313130393335313332363766313532646534376632303831623339
37393662663964613037353539393135373462646337653039656362373430636662313834663730
38326361663637616131316661383937333037616164666461666265306530623463646435663132
33373637326562316636373231396361313231336561386661303335626465626262316530646531
33623131336331303839653432626634376634386462323733303966643034376630333932303335
31386566343262393037623462343037626666306338653566616563346362323164623735383261
34316631623834383339613136646631366436653730636464623161626437366662323336613337
36613939363037653039663963616364303039373766333438373435646164333932626433323531
64353239613032363661336431646364343263306237303936646137373566366536366265646133
33353738346533343131316438633730346236616262653331343830366164306264663165316137
62623832323439343438303232323036353232363662303031356435386463313761643234396366
34663937303235366630383962313565343839633633393164303931653938616438356631326232
39623365383064663663646534613866306330363933613433343434656661643935373631366231
61366231366166653666396231353365363839623734333837656365366635356636663566373735
63623465636330383232663336633862393936613363626638333931376362613836323331643430
65666161323234336162343662633764323030623130633264653461326331623664613938633365
63646462373431373236643064373364616631383965613736346135363731393662343162326532
65313534326331393937376632653935636230366231633939373034643338396566613536353966
31643336613035383136636334383964623135386639666165363531393330346633633339316534
62633534343366313737613665343863306362616138623266313137343437353133336162653831
36616235376433376136333661623236313063386237316138353366313565626530613932376562
64373565376662653230323335666561653139643132616430613735323833346538653832396633
63373038653462336231333834626431376664613438653236636663303930663766613536343434
38633332366431366162306235623431303465356336663865626161356363656666383032393662
32393765623433303134303939653566333936616630363431643537663430313532633732363163
61393663323432343861643530623365313138643531323562663361643130333931653166333764
33386566626336636331383365643866613462663638643436323630323338393766663363646663
37656434343863653039663330616666393161663133363239323334323031613830306434336136
33626339356364373030656530393231623631363430356666353238613931353361666233373561
39396139313132373665323936303661656336323636383662343034373838666336643161643364
39623638663433333962303066323561343135396338373162356634346564646333303531666362
65653464643132356632313236623836626535343864663361306266666661363637373137653638
65323062383530333963626138303837393863306162343839633565623933346134353637366437
35316265356235343534343031653765363839323464373839343735356361303565393861633837
62386263373662633263363466346262316134616563346335626139333533623737303131383932
34653065623036366666323264656333373466326230313635626163373438333662383133306638
30396264393839383334663339396364376164306463396336333036366637316336643134336636
38316562353765353661643964363237643235663135653839303365623062323031386466326263
30316565313537623230373734393736333535623532353139373437393231653734626564633137
61393437316564333238613264366362303639303036643932663563333966363966306135666639
62636461333362616631316134326163343232376536373064383338663866383036636233323039
31363937666166323436633463636366333765363565656637383966666635343934363661626430
38323664613037313935663830393530306232376662376633356636666439363561376530393261
36316162313031623763393165313532613733666236393939393935663135353138323331656664
33373438643663353932333331666332653539363535373633613830653565626263353561346234
65366239623532353532343736326564343334303866636330633863623462323764366664343731
64366138666639663064666461366261353262623265323233656138613163623566656230303963
36666231326361656538396165346262353633616438326262303533613535366633373461363834
62343431393435636565343737626561303539306264366331343732613466633561396634643534
61633466316665613563386332653537613534333330316638356466323238636339666364373063
65653764626638646532373662643662323561326664373235326562303332346235663036633338
61313631373437303839363437353237636563613062643434303965363066396634663562373930
34336232356163333262623033393236376333653637333736663130616339653037363464386437
66366631363439373538666231396238303335323530393665656534306632376665396236633234
38363630323136383937373430326230646336356363623234383764636636353166396466653434
35396236663866313937383839613935306463616566623765636333613335313561363931356561
62306464303238313763303930396334323636656333616439343234616534363833666362616464
32366632366265303762636234393336613338343964323136396634343535663537613433653630
34633930376363386231343233303861326331313566303664643739393931626466323639356233
30336265306663656538363136366439313636616564336531613435656266613138393338396437
65346534343661376333633162623133323939323065336437313030343437633037633761653164
62393836333836306235646538613337343663313434323366623830626566333163343965363064
31396366376166393862393862393564333365646433376365313062336236376631393463376666
66643438383566396636306461316163633737376636326465666536323030353965316331346161
65363031346464313664313165303437666162386662323638383931323065666461393532616136
63326665626666396162323461623964306135616430653333623433323462626462393065396332
31376535386631393630323333666562623237386137643465386261636438323331386130623361
65306537313361306631393834373062343036393431663639626639393331316332356661353030
30663261336135333962323531643861303035313531353830326238633132323536656536656462
66303834626237343332343930313237373031393136633234633335386234613534623563636333
65636265353031373133376236633032383638656664393463626165646635393333653965313464
35333737393831393861633335303965386239333363636435393835383136653364393636613939
37326530373031366136323935386532383461663735616635643832633662316130316166626638
35373266373139396237363032343734646232656362643761333961346336323338636132376566
63333637613331333263326337373864376162616235623563393836333831656563316334383532
65646365333038636364373866646262386636643233366439646339626234623563343264616465
38633763393738636136643333313263356435343138356135643235313132373937666463623166
32653761646135346430633238626230373832393530313565636266366562393261633562376231
33666238633230623733666432376162323137353063623465353533653336353133323566386538
39343034323862613039623338343334383139353134666431663839316532326165653364626439
35353735333831666165376630616365396230653061626462643832343761356466393238623238
63343234356334366465363533396663316131386434306639303564613263633366626263626239
38343430663131653933396532336137613437646336343566663965386463373762623738333138
62333834373434353331386263366261653334376638396265346164646539633134656434386130
30323538313932386333646363393939376138346139303835633937633433633932383833386533
64666635363030326561623536653739623735666637373739616432343734383233666237616330
62356163316366303033656230306164353631363336353230306538633865346263636663343533
63386164376637313734663064323536666633323935393431366637386666343463626237373535
35653961376361366139623461336566323936653237323835616463343139356262303063653733
35333232656333343464383035363338386434613263613432313739343064386237656239643162
36626365316362613562306362303938653563326430326437393434633733303434316131666134
64346332343433363363336663353338376538626433316233633238633632666566303937656463
33616533323562303966373665653133346538646662303462303837643964333063613964306464
36373266323932633036623732356235343765353638373639636637643838336139373532633432
37626662623934653965613561353266333163383161346561633831383866646131353864636466
36313136373661623135333038323131633663343232373664376438613438636135636464633436
34376466613837323863363734663434346464306433396566633832616464336438646163363264
30643638636562306433653233356532346131366261313661373966613538653162636236373963
35623938363339326634333235383537323366383632376365373633343134333335656232336465
39363363653761363466396233663638343663623933393865323764333766333236386166666664
30376430356161616362326363366561373462623233333436373335396563363963626434623531
62646465303163396565636465303330383237353935313266623363343364303632366138623230
62336438633964386461393933313333356466373638633263333332343137363862396335393263
66613233626630386135613332393730353031333433643465333333313965323130313961616634
31313263666332656530656164383061613165333165373937343433666534343363313665643863
64346237326232333465346464616434363236323139313262343233333761343561643731333834
64343837383739616333646334363036376164316131663362663065653166313436356565653935
36363638303438623931303839656363623939616663383734376631306538396464643062393033
66666165663636666531343862386439363635343934636465626537326137363364653530353932
64306666343265353363346461653637646661643630663465633334613335326632643436643861
31393630326636386262323361356538663139663665633465333666656463386462623433326566
63333130643938333464663738336636336230383031623933613266343634363336363839313462
33373737376531313839356266353338353631343838613831373230393935393663326162323162
30376131383932383935343962306437373162353362343761353231623637653536393237656164
39383637373535666330626462646562663630613365323363316166643534663165353236323462
34303165383566666562356239313039666161343234646534366335313062656238663231616163
37383330613061373631313438383234383963653038663364363332356265343539633064616562
36376538353837633266323033343364336162306562643433663165666365346461353965353039
37393339353435396266373038633236313866303236306231376432346339376138306130353136
37326362313761353339636333353134336266393864616666363035333337636138356634303738
63373934653038366361373164343234383163623538633839393735313734306338333461666364
34323030336133626430316138363033363735666134366138653736333662633738303862363161
39306233303439386237656231323761316632633331363031356431363630663865383338616663
39323033633835656333366663303338353466373732656434316632343932336166373863623034
31656131643662643934633437363666613661656334326636633832633832386463366363653530
37363530336431663763643730353632653063363036323632666236303931333032366233633930
64343437366164323362666233323766373762343064616637363536623166653734336166353333
65383732386238336562646161306263363864663231376439393735383166616438643961633933
31393537653064663034313965306133666666323339653932643034653762663162303033656133
65323238646538363761323265376530663231306530383334666232356237626661303735333364
34626661336135626335663335646366376633306364306533316130313663343135666336346436
62336633336237653866316464613966323163636565373534343164376266346239623163623636
34353931336462333334313230613837633938353365346462396130613438653835616432343861
64643930376664363333643463333666333435373834616633643835383431333962316534653634
61393734333433636537393866343439376663623637356164343439633832386636306635306266
30643636363666653561366261333433323734306336643433633632636438656664383533383530
39376432646631366338633036316265306535363164313764653730353237383133656161353263
30386435356562633662316331663661613330363834346335323438303265336639656466663331
33613661336361343636656163626564303336333464613538633861633233383664383661633232
38346662393631343062393366393965353436313836373031653861383235656537306338613761
66313161313434613066
